691 65
627 129
577 179
489 267
393 363
324 432
283 473
309 447
329 427
382 374
459 297
508 248
532 224
534 222
540 216
557 199
555 201
555 201
562 194
569 187
577 179
577 179
580 176
588 168
598 158
610 146
624 132
633 123
636 120
641 115
650 106
650 106
646 110
646 110
653 103
661 95
649 107
651 105
657 99
657 99
662 94
661 95
670 86
664 92
656 100
665 91
660 96
652 104
654 102
657 99
659 97
658 98
661 95
663 93
661 95
661 95
656 100
650 106
647 109
651 105
647 109
647 109
654 102
652 104
650 106
649 107
649 107
645 111
644 112
649 107
657 99
662 94
670 86
679 77
685 71
685 71
682 74
681 75
681 75
683 73
682 74
682 74
685 71
681 75
686 70
685 71
681 75
682 74
685 71
693 63
686 70
690 66
693 63
691 65
695 61
694 62
698 58
698 58
697 59
700 56
